4123 :
9 8,3 2 ---> 27 24 18 16 ---> 11 58,6 61 
13 3,3 2 ---> 39 9 26 6 ---> 33 41,17 54

6517 :
18 1,3 2 ---> 54 36 3 2 ---> 52 41, 33 59 

8029 : 
 ---> 

7657 :
14 9, 3 2 ---> 42 27 28 18 ---> 1 87,24 73
19 2, 3 2 ---> 57 38 6 4 ---> 53 48,32 67

8911 :
13 12,3 2 ---> 39 36 26 24 ---> 15 86,10 89
20 3,3 2 ---> 60 40 9 6 ---> 31 75,54 55

9919 : 
7 5,9 1 ---> 63 7 45 5 ---> 58 57, 38 75
7 5,6 5 ---> 42 35 30 25 ---> 17 90, 5 97

10621 :
59 60, 31 84, 81 35, 4 101

12403 :
12 1,7 3 ---> 84 36 7 3 ---> 81 46,29 94

19747 :
17 12,5 1---> 85 17 60 12 ---> 43 114, 73 89
23 4,5 1---> 115 23 20 4 ---> 111 47,3 139

22477 :
8,7 et 9,4 ---> 72,32,63,28 ---> 31,132,163 (101,194,295) ; 44,123,167 (79,211,290)
8,7 et 11,1 ---> 88,77,8,7 ---> 69,103,172 (34,241,275) ; 81,92,173 (11,254,265)

32851 (y'a-t-il un 33 dans le lot ?)
16 5,6 5 ---> 96 80 30 25 ---> 71 135 (206), 50 151 (201)
16 5,9 1 ---> 144 16 45 5 ---> 139 66 (205), 29 165 (194)
(Notre 66 et 165 sont ici, mais... j'ai oublié pourquoi on voulait d'un 33. Ca aurait donné un nombre sous la forme 361361*n^3... et alors ? )

40033 :
17 16, 5 3 ---> 37 179,29 184
23 9,5 3 ---> 88 141,24 187

47089 : 
13 3 --> 160,87
9 8 --> 208,17 

48013 : 
73 17, 2 1 ---> 146 73 34 17 ---> 129 124 (253), 39 197 (236) 

53599 : 
25 23,5 1 ---> 102 163,90 173
32 15,5 1 ---> 43 207,145 122
40 3,5 1 ---> 197 58,25 218
37 8,5 1 ---> 177 85,3 230

57967 : 
18 1, 8 7 ----> 144 126 8 7 ---> 141 137 (278) ET 118 159 (277)

73549 :
36 5, 5 3 ---> 180 108 25 15 ---> 165 148 (313) ET 83 220 (303) (triades secondaires : 17, 461, 478 et 137, 386, 523)
29 15, 5 3 ---> 145 87 75 45 ---> 100 207 (307) ET 12 265 (277) 

74347 :
6 1,25 23 ---> 127 186,113 198
6 1,32 15 ---> 68 239,177 137
6 1,40 3 ---> 22 261,237 61
(13312053-226981 = 13085072)

107653 :
36 17, 5 3 ---> 180 108 85 51 ---> 129 244 (373) ET 23 316 (339)  

120001 :
45 8, 5 3 ---> 225 135 40 24 ---> 201,199 (400) ET 95 289 (384)
32 25,5 3 ---> 160 96 125 75 ---> 85,296 (381) ET 29,331 (360)

123823 :
18 1, 16 5 ---> 288 90 16 5 ---> 283 111, 74 309 

336091 :
73 17, 5 3 : 365 85 219 51 ---> 314 345 (659), 134 501 (635)

371293 :
36 17, 8 7 : 288 252 136 119 ---> 116 519

624169 : 
73 17,9 1 ---> 657 73 153 17 ---> 80 747, 640 243
73 17,6 5 ---> 438 365 102 85 ---> 353 552, 263 625

667489 (=817^2) :
23,9 ---> 448,495 (47) (401,542,943)
17,16 ---> 33,800 (833) (767,866,1633)

753571 :
36 17,18 1 ---> 648 306 36 17 ---> 270 701, 631 359

793117 :
36 17,16 5 ---> 576 180 272 85 ---> 491 537, 92 841

2476099 : (Attention !)
73 17,16 5 ---> 1168 365 272 85 ---> 93 1525

4826809 :
8 7 ---> 2520 -1007 ---> 1007 1513 

10218313 :
109 90, 18 1 ---> 1962 1620 109 90 ---> 1872 1819, 1511 2161

15069223 :
36 17, 73 17 ---> 2628 612 1241 289 ---> 2339 2142, 629 3529

47045881 : 
16 5 ---> 5040 2771 
(coincide avec 73 17, OK)

2872858801 (53599^2) :
102 163 ---> 16165 43656
90 173 ---> 21829 39240
43 207 ---> 41000 19651
145 122 ---> 6141 50264
197 58 ---> 37995 26216
25 218 ---> 46899 11525
177 85 ---> 24104 37335
3 230 ---> 52891 1389

--------
Famille de la table de 1729

1101373 
141 137, 3 2 ---> 423 411 282 274 ---> 149,967 (1116) ET 129,701 (830)
118 159, 3 2 ---> 477 318 354 236 ---> 241,908 (1149) ET 36,1031 (1067)

1159171 
73 17, 8 7 ---> 584 119 511 136 ---> 465 766 ET 375 839

1609699
18 1,68 1 ---> 1224 18 68 1 ---> 1223,87 (1310) ET 50, 1243
18 1,43 36 ---> 774 648 43 36 ---> 738 727 (1465) ET 605, 853 (1458) 

2045407
36 17,30 1 ---> 1080 36 510 17 ---> 1063 563 (1626) ET 474 1133 (1607)
36 17,25 9 ---> 900 425 324 153 ---> 101 1377 (1478) ET 747 902 (1649)

4369183
73 17,17 12 ---> 1241 876 289 204 ---> 1037 1369 (2406) ET 587 1734 (2321)
73 17,23 4 ---> 1679 391 68 292 ---> 99 2039 (2138) ET 1611 751 (2362) ==> Hé mais il est là le 567567 *n^3, avec n=19. Comme quoi le monde est petit !  

5551819
36 17,47 6 ---> 1692 216 799 102 ---> 1590 1017 (2607), 583 2010 (2593)
36 17,31 27 ---> 1116 972 527 459 ---> 445 2102 (2547), 747 1958 (2705) 

8114197 
766 465, 2 1 ---> 1067, 2161 (3228) ET 164, 2763 (2927)
839 375, 2 1 ---> 89, 2803 (2892) ET 1303, 1964 (3267) ==> 1288287 * 57^3, du coup il faudrait un 567567*n^3...

Donc on résume : 
(4570^3+5231^3)*(2237^3-1940^3) = 9756747^3

--------

Famille de la table de 2821

1796977 
141 137, 5 1 ---> 705 685 141 137 ---> 568 963, 544 983
159 118, 5 1 ---> 795 590 159 118 ---> 677 867, 431 1072

3337243 
36 17, 23 22 ---> 828 792 391 374 ---> 454 1557, 401 1593
36 17, 33 10 ---> 1188 360 561 170 ---> 1018 1091, 201 1708

4285099
24 11, 53 22 ---> 1272 528 583 242 ---> 1030 1353, 55 2042
24 11, 58 15 ---> 1392 638 360 165 ---> 1227 1163, 278 1917

14779219
24 11, 123 2 ---> 2952 1353 48 22 ---> 2930 1423, 1305 3022
24 11, 87 55 ---> 2088 1320 957 605 ---> 1483 2882, 363 3650 

18976867 ---> 
109 90, 17 12 ---> 1853 1308 1530 1080 ---> 773 3918, 222 4241
109 90, 23 4 ---> 2507 2070 436 360 ---> 2147 2866, 1634 3303

35242753 --->
109 90, 31 6 ---> 3379 2790 654 540 ---> 2839 3984, 2136 4353 
109 90, 29 9 ---> 3161 810 2610 981 ---> 2180 4401, 1800 4952

-----------------

100009 :

12 1 VS 23 4 :
276 48 23 4 ---> 
272 75 (347) (197,422,619)
25 303 (328) (278,353,631)

12 1 VS 17 12 :
127 233 (360) (106,487,593)
192 173 (365) (19,538,557)

157339 : 
51 10 & 5 3
255 153 50 30 --->
225 233 (458) (8,683,691) 
103 335 (438) (232,541,773)

54 5 & 5 3
270 162 25 15
137 310 (447) (173,584,757)
255 202 (457) (53,659,712)

32851 :
6 5 & 16 5
96 80 30 25 
71 135 (206) (64,277,341)
50 151 (201) (101,251,352)

9 1 & 16 5
144 45 16 5
139 66 (205) (73,271,344)
29 165 (194) (136,223,359)


------

12103 :
109 2 (111) (107,113,220)
94 27 (121) (67,148,215)
89 34 (123) (55,157,212)
66 61 (127) (5,188,193)

427063 :
31 6 & 16 5
496 155 96 30
466 281 (747) (185,1028,1213)
59 622 (681) (563,740,1303)

29 9 & 16 5
464 145 144 45
419 334 (753) (85,1087,1172)
1 653 (654) (652,655,1307)

------

22477 : 
8 7 & 9 4
72 32 63 28
31 132 (163) (101,194,295)
44 123 (167) (79,211,290)

8 7 & 11 1
88 77 8 7
81 92 (173) (11,254,265)
69 103 (172) (34,241,275)

229957 :
120 23 & 3 1
360 120 69 23
51 452 (503) (401,554,955) 
337 212 (549) (125,761,886)

88 65 & 3 1
264 195 88 65
107 417 (524) (310,631,941)
199 348 (547) (149,746,895)

------
329623 :
24 11
18 1
432 198 24 11
174 467 (641) (293, 815, 1108)
421 233 (654) (188, 887, 1075)

------

520429 :
17 16 & 17 12
289 204 272 192
68 685 (753) (617, 821, 1438)
97 668 (765) (571, 862, 1433)

17 16 & 23 4
391 68 368 64
300 523 (823) (223, 1123, 1346)
327 500 (827) (173, 1154, 1327)

23 9 & 17 12
391 276 153 108 
283 537 (820) (254, 1103, 1357)
123 652 (775) (529, 898, 1427)

23 9 & 23 4
529 207 92 36
493 335 (828) (158, 1163, 1321)
115 657 (772) (542, 887, 1429)

------

810901 :
29 1 & 30 1
870 29 30 1
1 900 (901) (899, 902, 1801)
869 60 (929) (809, 989, 1898)

19 15 & 30 1
570 450 19 15
431 604 (1035) (173, 1466, 1639)
555 484 (1039) (71, 1523, 1594)

29 1 & 25 9
725 261 25 9
236 759 (995) (523,1231,1754)
716 295 (1011) (421,1306,1727)

19 15 & 25 9
475 171 375 135
204 781 (985) (577,1189,1766)
340 681 (1021) (341,1361,1702)

------

696787 :
51 10 & 9 8
459 408 90 80
318 629 (947) (311,1265,1576)
379 578 (957) (199,1336,1535)

51 



-----------------

Idée de programme : à 2 nbs a,b, associer la bonne paire de clés strictement positives.

Exemple : 73,-90 --> 73,17 ; 
-73,-90 --> 73,90
a et b positifs : garder tels quels
a et b négatifs : changer les signes.
ab < 0 : 
	si a+b > 0, changer le signe du négatif et remplacer l'autre par la somme. 
	Sinon, changer le signe du négatif et remplacer l'autre par l'opposé de la somme.
	



-----------------	
244922041 :
16 paires de coefs bicubiques.

19747 12403 :
(43 114, 73 89, 111 47,3 139)
(81 46, 29 94)
43 114, 81 46 ---> 3483 1978 9234 5244 ---> 1809 14695, 7256 10705
43 114, 29 94 ---> 1247 4042 3306 10716---> 9469 8595, 736 15269
73 89, 81 46 ---> 5913 7209 3358 4094 ---> 1819 14661, 4841 12365
73 89, 29 94 ---> 2117 6862 2581 8366 ---> 

37,8
11,267
214,93