1 : (1,0) 
7 : (2,1)
13 : (3,1)
19 : (3,2)
31 : (5,1)
37 : (4,3)
43 : (6,1)
49 : (5,3)
61 : (5,4)
67 : (7,2)
73 : (8,1)
79 : (7,3)
91 : (6,5) (9,1)
97 : (8,3)
103 : (9,2)
109 : (7,5)
127 : (7,6)
133 : (9,4) (11,1)
139 : (10,3)
151 : (9,5)
157 : (12,1) 
163 : (11,3)
169 : (8,7)
181 : (11,4)
193 : (9,7)
199 : (13,2) 
211 : (14,1)
217 : (9,8) (13,10)
223 : (11,6)
229 : (12,5)
241 : (15,1)
247 : (11,7) (14,3)
259 : (15,2)
271 : (10,9)
277 : (12,7)
283 : (13,6)
301 : (15,4)
307 : (17,1)
313 : (16,3) 
331 : (11,10)
337 : (13,8)
343 : (18,1)
349 : (17,3)
361 : (16,5)
367 : (13,9)
373 : (17,4)
379 : (15,7)
397 : (12,11)
403 : (14,9) (19,2)
409 : (15,8)
421 : (20,1)
427 : (19,3)
433 : (13,11)
439 : (18,5)
457 : (17,7)
463 : (21,1)
469 : (13,12)
481 : (19,5)
487 : (21,2)
499 : (18,7)
511 : (15,11) (19,6)
523 : (17,9)
541 : (21,4)
547 : (14,13)
553 : (23,1)
559 : (22,3) (17,10)
571 : (21,5)
577 : (19,8)
589 : (20,7)
601 :
607 :
613 :
619 :
631 :
637 :
643 :
661 :
673 :
679 :
691 :
703 :
709 :
721 :
727 :
733 :
739 :
751 :
757 :
763 :
769 :
787 :
793 :
811 :
817 : (17,16)
823 :
829 :
853 :
859 :
871 :
877 :
883 :
889 :

1729 : (40,3) (37,8) (32,15) (25,23)
3913 : (61,3) (53,16) (47,24) (41,31)
12103 : (109,2) (94,27) (89,34)